# Markov chain order 0
layer_0 = {
    '': {
        '<': 0.14,
        '>': 0.14,
        '+': 0.14,
        '-': 0.15,
        '[': 0.08,
        ']': 0.08,
        '.': 0.27
    }
}

# Markov chain order 1
# Each key is a "context" symbol, and each value is a dictionary
# giving the probability of transitioning to each next symbol.
layer_1 = {
    '_': {
        '<': 0.19,
        '>': 0.19,
        '+': 0.19,
        '-': 0.20,
        '[': 0.00,
        ']': 0.00,
        '.': 0.23
    },
    '+': {
        '<': 0.18,
        '>': 0.17,
        '+': 0.17,
        '-': 0.00,
        '[': 0.14,
        ']': 0.07,
        '.': 0.27
    },
    '-': {
        '<': 0.17,
        '>': 0.17,
        '+': 0.00,
        '-': 0.17,
        '[': 0.13,
        ']': 0.08,
        '.': 0.28
    },
    '.': {
        '<': 0.14,
        '>': 0.15,
        '+': 0.15,
        '-': 0.15,
        '[': 0.07,
        ']': 0.09,
        '.': 0.25
    },
    '<': {
        '<': 0.17,
        '>': 0.00,
        '+': 0.19,
        '-': 0.18,
        '[': 0.06,
        ']': 0.10,
        '.': 0.30
    },
    '>': {
        '<': 0.00,
        '>': 0.18,
        '+': 0.17,
        '-': 0.19,
        '[': 0.05,
        ']': 0.11,
        '.': 0.30
    },
    '[': {
        '<': 0.15,
        '>': 0.14,
        '+': 0.15,
        '-': 0.15,
        '[': 0.12,
        ']': 0.01,
        '.': 0.28
    },
    ']': {
        '<': 0.15,
        '>': 0.17,
        '+': 0.16,
        '-': 0.17,
        '[': 0.01,
        ']': 0.09,
        '.': 0.25
    }
}

layer_2 = {
    "__": {"<": 0.19, ">": 0.19, "+": 0.19, "-": 0.20, "[": 0.00, "]": 0.00, ".": 0.23},
    "_+": {"<": 0.22, ">": 0.24, "+": 0.19, "-": 0.00, "[": 0.11, "]": 0.00, ".": 0.24},
    "_-": {"<": 0.15, ">": 0.27, "+": 0.00, "-": 0.21, "[": 0.13, "]": 0.00, ".": 0.24},
    "_.": {"<": 0.17, ">": 0.22, "+": 0.21, "-": 0.17, "[": 0.00, "]": 0.00, ".": 0.23},
    "_<": {"<": 0.23, ">": 0.00, "+": 0.28, "-": 0.23, "[": 0.00, "]": 0.00, ".": 0.26},
    "_>": {"<": 0.00, ">": 0.18, "+": 0.17, "-": 0.26, "[": 0.00, "]": 0.00, ".": 0.39},
    "++": {"<": 0.19, ">": 0.17, "+": 0.17, "-": 0.00, "[": 0.15, "]": 0.06, ".": 0.26},
    "+.": {"<": 0.15, ">": 0.13, "+": 0.14, "-": 0.13, "[": 0.11, "]": 0.08, ".": 0.26},
    "+<": {"<": 0.18, ">": 0.00, "+": 0.19, "-": 0.19, "[": 0.05, "]": 0.09, ".": 0.30},
    "+>": {"<": 0.00, ">": 0.19, "+": 0.19, "-": 0.18, "[": 0.06, "]": 0.09, ".": 0.29},
    "+[": {"<": 0.16, ">": 0.14, "+": 0.15, "-": 0.14, "[": 0.12, "]": 0.01, ".": 0.28},
    "+]": {"<": 0.12, ">": 0.17, "+": 0.17, "-": 0.16, "[": 0.02, "]": 0.11, ".": 0.25},
    "--": {"<": 0.17, ">": 0.17, "+": 0.00, "-": 0.17, "[": 0.15, "]": 0.07, ".": 0.27},
    "-.": {"<": 0.14, ">": 0.15, "+": 0.13, "-": 0.14, "[": 0.11, "]": 0.09, ".": 0.24},
    "-<": {"<": 0.17, ">": 0.00, "+": 0.20, "-": 0.19, "[": 0.07, "]": 0.08, ".": 0.29},
    "->": {"<": 0.00, ">": 0.20, "+": 0.18, "-": 0.20, "[": 0.05, "]": 0.08, ".": 0.29},
    "-[": {"<": 0.16, ">": 0.14, "+": 0.14, "-": 0.15, "[": 0.13, "]": 0.01, ".": 0.27},
    "-]": {"<": 0.18, ">": 0.18, "+": 0.18, "-": 0.19, "[": 0.01, "]": 0.06, ".": 0.20},
    ".+": {"<": 0.17, ">": 0.16, "+": 0.16, "-": 0.00, "[": 0.12, "]": 0.09, ".": 0.30},
    ".-": {"<": 0.17, ">": 0.17, "+": 0.00, "-": 0.17, "[": 0.11, "]": 0.09, ".": 0.29},
    "..": {"<": 0.14, ">": 0.15, "+": 0.16, "-": 0.15, "[": 0.06, "]": 0.11, ".": 0.23},
    ".<": {"<": 0.18, ">": 0.00, "+": 0.19, "-": 0.17, "[": 0.05, "]": 0.10, ".": 0.31},
    ".>": {"<": 0.00, ">": 0.16, "+": 0.18, "-": 0.18, "[": 0.05, "]": 0.12, ".": 0.31},
    ".[": {"<": 0.14, ">": 0.15, "+": 0.14, "-": 0.17, "[": 0.11, "]": 0.01, ".": 0.28},
    ".]": {"<": 0.16, ">": 0.17, "+": 0.16, "-": 0.16, "[": 0.01, "]": 0.08, ".": 0.26},
    "<+": {"<": 0.19, ">": 0.18, "+": 0.16, "-": 0.00, "[": 0.16, "]": 0.04, ".": 0.27},
    "<-": {"<": 0.21, ">": 0.16, "+": 0.00, "-": 0.18, "[": 0.13, "]": 0.06, ".": 0.26},
    "<.": {"<": 0.14, ">": 0.16, "+": 0.14, "-": 0.15, "[": 0.03, "]": 0.11, ".": 0.27},
    "<<": {"<": 0.18, ">": 0.00, "+": 0.19, "-": 0.19, "[": 0.05, "]": 0.09, ".": 0.30},
    "<[": {"<": 0.14, ">": 0.16, "+": 0.17, "-": 0.16, "[": 0.11, "]": 0.01, ".": 0.25},
    "<]": {"<": 0.14, ">": 0.17, "+": 0.16, "-": 0.18, "[": 0.01, "]": 0.11, ".": 0.23},
    ">+": {"<": 0.18, ">": 0.16, "+": 0.19, "-": 0.00, "[": 0.14, "]": 0.06, ".": 0.27},
    ">-": {"<": 0.17, ">": 0.18, "+": 0.00, "-": 0.17, "[": 0.15, "]": 0.05, ".": 0.28},
    ">.": {"<": 0.14, ">": 0.14, "+": 0.16, "-": 0.16, "[": 0.05, "]": 0.10, ".": 0.25},
    ">>": {"<": 0.00, ">": 0.18, "+": 0.18, "-": 0.21, "[": 0.05, "]": 0.09, ".": 0.29},
    ">[": {"<": 0.15, ">": 0.15, "+": 0.15, "-": 0.17, "[": 0.11, "]": 0.01, ".": 0.26},
    ">]": {"<": 0.16, ">": 0.15, "+": 0.15, "-": 0.18, "[": 0.01, "]": 0.09, ".": 0.26},
    "[+": {"<": 0.17, ">": 0.14, "+": 0.14, "-": 0.00, "[": 0.12, "]": 0.13, ".": 0.30},
    "[-": {"<": 0.17, ">": 0.11, "+": 0.00, "-": 0.16, "[": 0.09, "]": 0.15, ".": 0.32},
    "[.": {"<": 0.15, ">": 0.17, "+": 0.16, "-": 0.14, "[": 0.10, "]": 0.01, ".": 0.27},
    "[<": {"<": 0.15, ">": 0.00, "+": 0.12, "-": 0.13, "[": 0.07, "]": 0.21, ".": 0.32},
    "[>": {"<": 0.00, ">": 0.15, "+": 0.10, "-": 0.14, "[": 0.07, "]": 0.21, ".": 0.33},
    "[[": {"<": 0.14, ">": 0.13, "+": 0.17, "-": 0.14, "[": 0.09, "]": 0.00, ".": 0.33},
    "[]": {"<": 0.11, ">": 0.11, "+": 0.33, "-": 0.11, "[": 0.00, "]": 0.06, ".": 0.28},
    "]+": {"<": 0.16, ">": 0.15, "+": 0.16, "-": 0.00, "[": 0.14, "]": 0.15, ".": 0.24},
    "]-": {"<": 0.13, ">": 0.17, "+": 0.00, "-": 0.15, "[": 0.15, "]": 0.17, ".": 0.23},
    "].": {"<": 0.15, ">": 0.19, "+": 0.16, "-": 0.19, "[": 0.01, "]": 0.08, ".": 0.22},
    "]<": {"<": 0.17, ">": 0.00, "+": 0.17, "-": 0.16, "[": 0.07, "]": 0.14, ".": 0.29},
    "]>": {"<": 0.00, ">": 0.19, "+": 0.19, "-": 0.19, "[": 0.05, "]": 0.12, ".": 0.26},
    "][": {"<": 0.13, ">": 0.13, "+": 0.10, "-": 0.27, "[": 0.10, "]": 0.00, ".": 0.27},
    "]]": {"<": 0.13, ">": 0.20, "+": 0.17, "-": 0.17, "[": 0.00, "]": 0.09, ".": 0.24}
}

markov_process = {**layer_0, **layer_1, **layer_2}
